0 0.09702286004784688 0 0 0.15410286572438162 0 0.35237534363957596 0.02857522607655502 0.38672948586572437 0.05382775119617225 0.4112681590106007 0.07974481638755981 0.4132312526501767 0.10499734210526315 0.3877110326855124 0.3415736309808613 0 0.09702286004784688 0
0 0.8559276979665071 0.02846486042402827 0.7522594366028708 0.20416175883392226 0.7369750131578948 0.20514330565371022 0.7083997870813397 0.20808794699646643 0.6798245616028707 0.2188849628975265 0.6598883570574163 0.23851590106007067 0.38809144078947366 0.6968983118374558 0.3734715574162679 0.7253631722614842 0.3748006381578947 0.7606988613074206 0.3960659222488038 0.8127208480565371 0.4366028708133971 0.8686690220848057 0.47913343959330146 0.9118570865724382 0.5037214246411483 0.9108755397526501 0.5229930885167464 0.901060070671378 0.8027644868421053 0.4043973303886926 0.8114035089712919 0.3778955636042403 0.8160552894736842 0.34157832773851593 0.8114035089712919 0.3062426386925795 0.806087187799043 0.2856301528268551 0.8114035089712919 0.26698076148409894 0.893806485645933 0.12171181802120143 0.914407230263158 0.087357675795053 0.9190590113636363 0.06478209628975265 0.9077618289473683 0.03828032950530036 0.893806485645933 0.01963093816254417 0.8791866028708134 0.013741657243816255 0.8559276979665071 0.02846486042402827
0 0.4419191919856459 0.07263447173144877 0.45853269557416265 0.11876717667844523 0.49508240311004786 0.15901060070671377 0.5163476872009569 0.18649391431095405 0.5489101543062201 0.19532783657243816 0.5701754383971293 0.18649391431095405 0.680489101674641 0 0.44657097308612437 0.0029446404593639576 0.43593833074162675 0.04318806448763251 0.4419191919856459 0.07263447173144877
0 0 0.9982332155477032 0.09702286004784688 1 0.3322700693779904 0.6026698074204947 0.3435672511961722 0.5673341183745583 0.34688995215311 0.5339615229681979 0.3435672511961722 0.49469964664310956 0.3435672511961722 0.47114252031802123 0.34954811244019135 0.453474675795053 0.43328016985645934 0.3082057323321555 0.44989367344497605 0.28464860600706715 0.4625199360047847 0.25814683922261483 0.4552099946172249 0.2336081660777385 0.4405901118421052 0.20906949381625442 0.41866028708133973 0.19729093021201413 0.3954013821770335 0.21495877473498234 0.285752259569378 0.3916372199646643 0.2558479533492823 0.39360031448763255 0.217304625 0.4014526890459364 0.19138755980861244 0.42304672173144875 0 0.7351786413427561 0 0.9982332155477032
0 1 0.23458971378091875 0.8798511429425837 0.4701609734982332 0.8692185005980861 0.5035335689045937 0.8751993618421053 0.5437769929328622 0.9004518875598087 0.5859835097173145 0.9316852739234449 0.626226933745583 0.9735513026315789 0.6517471537102474 0.992822966507177 0.6615626227915193 1 0.6497840600706714 1 0.23458971378091875
0 0.7336523127990431 0.8627797411660777 0.7223551303827751 0.8745583038869258 0.705077086722488 0.8755398507067138 0.6731791602870814 0.879466038869258 0.6545720358851674 0.888299961130742 0.6333067517942584 0.9079308992932861 0.5781499204545454 0.9992147623674911 0.8014354066985646 0.9962701219081271 0.7954545454545454 0.9746760892226148 0.7927963851674641 0.9530820574204948 0.7967836255980861 0.9363957597173145 0.8964646465311005 0.7420494699646644 0.9117490693779904 0.7126030627208481 0.907097288875598 0.6959167650176679 0.8825093038277512 0.6674519045936396 0.8599149389952152 0.6507656068904594 0.849946836722488 0.6605810759717314 0.7336523127990431 0.8627797411660777
0 0.39274322188995214 1 0.39207868181818184 0.9952885750883392 0.3954013821770335 0.9815469178445229 0.3854332799043062 0.9589713392226149 0.36084529485645933 0.9324695724381625 0.3435672511961722 0.9216725556537103 0.32496012739234453 0.9422850415194346 0.29904306220095694 0.9972516687279153 0.39274322188995214 1
1 0.05382775119617225 0.16097369434628975 0.0830675173444976 0.1914016492932862 0.10566188217703348 0.22575579151943462 0.12493354605263159 0.2591283860424028 0.13822434868421052 0.28170396554770316 0.14885699102870814 0.31409501413427565 0.3415736309808613 0 0.09569377990430622 0.0009815468197879858 0.013290802631578946 0.13545347438162544 0.031897926435406704 0.1403612093639576 0.05382775119617225 0.16097369434628975
1 0.6273258905502392 0.08833922261484099 0.6831472619617226 0 0.5927698032296651 0.0019630936395759716 0.6146996279904305 0.03729878268551237 0.6273258905502392 0.08833922261484099
1 0 0.7332155477031802 0.0006645400717703349 0.891244601590106 0.02192982476076555 0.9157832747349823 0.05382775119617225 0.9530820574204948 0.07841573624401914 0.9992147623674911 0.09835194019138756 1 0.3116693247607656 0.6360424028268551 0.28641679964114836 0.5820573224381625 0.2651515149521531 0.5486847270318022 0.2379053696172249 0.5133490379858657 0.20733652332535887 0.4839026307420495 0.18607123863636363 0.46525323939929325 0.1694577350478469 0.4613270512367491 0 0.7332155477031802
1 0.430622009569378 0.6232822932862191 0.4485645933014354 0.628190027385159 0.46850079724880384 0.6429132314487632 0.5017278044258373 0.6723596386925795 0.5269803295454546 0.7018060459363957 0.5502392344497608 0.7361601881625442 0.5701754383971293 0.7754220653710248 0.5794790005980861 0.8048684726148411 0.7834928229665071 0.438751472614841 0.7788410418660288 0.4132312526501767 0.7688729401913875 0.38869257950530034 0.7476076555023924 0.35237534363957596 0.720361509569378 0.3160581077738516 0.678495480861244 0.27974087190812724 0.6578947368421053 0.2679623083038869 0.6392876130382775 0.27090694964664314 0.430622009569378 0.6232822932862191
1 0.5821371608851675 0.9992147623674911 0.6731791602870814 1 0.6525784156698564 0.9815469178445229 0.6286549706937798 0.9628975265017667 0.6087187667464115 0.9530820574204948 0.5821371608851675 0.9992147623674911
1 1 0.24047899469964662 0.9223817117224881 0.3837848445229682 0.9336788941387559 0.38084020406360425 0.9549441788277512 0.38084020406360425 0.9801967039473685 0.39360031448763255 0.9974747476076554 0.41028661130742045 1 0.24047899469964662