0 0.761802705772812 0.27234113 0.7550004655493482 0.30890677333333333 0.7325011275605214 0.39891446166666666 0.7366869990689012 0.4261043033333333 0.7366869990689012 0.5076737566666667 0.7340707895716946 0.7476943549999999 0.7701744487895718 0.7608204216666666 0.8167431052141527 0.75894529 0.8245917337057729 0.7392561183333334 0.8319170875232775 0.419541235 0.8188360409683426 0.3726622233333333 0.8005225744878958 0.313594675 0.7926739459962756 0.24233855499999998 0.7911041238361267 0.16920730333333334 0.7937203333333334 0.14014231166666666 0.7701744487895718 0.134516845 0.761802705772812 0.27234113
0 0.6833163417132216 0.29203033666666667 0.6676190847299813 0.351097885 0.644073199255121 0.4298546033333333 0.6409337160148976 0.5151744266666666 0.6367478445065177 0.7636331916666667 0.6623866657355679 0.7795720266666667 0.7105249040968342 0.785197565 0.7304081918063314 0.7720714266666667 0.7340707895716946 0.7523822566666667 0.7356406108007449 0.4298546033333333 0.7319778538175047 0.3923513933333333 0.7105249040968342 0.318282575 0.7079086945996276 0.24796405833333335 0.7084319683426443 0.20577294666666668 0.7079086945996276 0.18608375833333335 0.6871481201117319 0.183140945 0.6833163417132216 0.29203033666666667
0 0.5802377039106146 0.36617894666666667 0.5713426080074488 0.408290265 0.5488431899441341 0.5011107233333333 0.5457037067039107 0.57424201 0.546750175046555 0.79363573 0.5692495921787709 0.8095746366666666 0.6294224106145252 0.8058243016666666 0.6346548296089385 0.7805096633333333 0.639887248603352 0.5545527683333333 0.6362245707635009 0.5020482883333334 0.6200040400372439 0.43172977 0.6048300567970205 0.35484818333333334 0.607969540037244 0.26109016 0.607969540037244 0.23577552166666668 0.5828539134078212 0.23390035333333334 0.5802377039106146 0.36617894666666667
0 0.47140337337057725 0.3671165483333333 0.4604152616387337 0.44212293166666666 0.44524127839851024 0.511503885 0.4394855856610801 0.5602581 0.44105532774674117 0.6146377116666667 0.4394855856610801 0.828406035 0.47872872811918066 0.8452824366666667 0.5179718705772812 0.8368442716666666 0.5237275633147113 0.8162174633333333 0.5268670465549348 0.6005740066666667 0.522681094972067 0.5396312916666667 0.5069838389199255 0.47962614166666667 0.4949492588454376 0.3849305516666666 0.4933795167597765 0.315549635 0.49704219459962756 0.2733585233333333 0.4725778696461825 0.2721352633333333 0.47140337337057725 0.3671165483333333
0 0.3882079441340782 0.413995525 0.3829755251396648 0.4655624383333334 0.36989447765363126 0.5321306933333333 0.35733662383612663 0.58744787 0.356290156424581 0.65495369 0.3541972206703911 0.7965282916666666 0.35472041433891993 0.8602837766666667 0.3855917346368715 0.8743474816666666 0.4222186675977654 0.8724722783333334 0.4379159245810056 0.8555958766666667 0.4415786014897579 0.65214092 0.4389623919925512 0.6052619083333334 0.4337299729981378 0.55275743 0.41907918435754193 0.5133790883333333 0.41070728119180633 0.458999405 0.4117538296089385 0.35961587833333336 0.41018408752327745 0.3399267066666667 0.38884313780260704 0.34005198166666667 0.3882079441340782 0.413995525
0 0.2872222420856611 0.55744533 0.2814665493482309 0.6080746783333333 0.2615833407821229 0.6840186633333334 0.25949040595903167 0.7290225433333333 0.25949040595903167 0.8893487499999999 0.27414119459962755 0.9062251516666667 0.30291949906890125 0.9062251516666667 0.32698857821229055 0.8949742183333332 0.3296047877094972 0.8724722783333334 0.330128061452514 0.70745817 0.3238491750465549 0.6493282233333333 0.3086751117318436 0.6015115733333334 0.3086751117318436 0.5246300216666666 0.3086751117318436 0.48150134499999997 0.2866989683426443 0.4824389116666667 0.2872222420856611 0.55744533
0 0.21030569925512105 0.6258887166666667 0.19984086126629422 0.6990199333333333 0.19042249162011174 0.7599626483333334 0.19094568528864062 0.9137258233333334 0.20978242551210427 0.9306022949999999 0.2401304711359404 0.9212264933333334 0.2495488417132216 0.90435002 0.24850229422718806 0.7374607083333333 0.24483961638733703 0.71214607 0.2322818426443203 0.6596415916666667 0.2322818426443203 0.5986988750000001 0.23175856890130353 0.5583828966666666 0.21090683240223462 0.55785387 0.21030569925512105 0.6258887166666667
0 0.15798150931098698 0.6304968249999999 0.15013288081936685 0.6258089233333333 0.13652855959031657 0.6323719566666667 0.13809830167597767 0.6773758366666667 0.13600528584729982 0.7186293100000001 0.12606372160148976 0.762695625 0.12083130260707635 0.8086370716666668 0.1203080288640596 0.9361479699999999 0.13077286685288642 0.9492741083333334 0.15588849441340782 0.947398905 0.17053928305400373 0.9342727666666667 0.17158575139664806 0.8011364000000001 0.167923073556797 0.7683210916666667 0.1585726247672253 0.721790775 0.15798150931098698 0.6304968249999999
1 0.7351173370577282 0.70175291 0.7565702867783984 0.7158166133333332 0.7968598175046555 0.717691745 0.8235451852886406 0.7111287116666667 0.8256381210428305 0.555490405 0.7644189152700186 0.5508025049999999 0.7382568202979516 0.5442393999999999 0.7351173370577282 0.70175291
1 0.637794312849162 0.717691745 0.6513985540037244 0.7298803166666666 0.6780839227188081 0.7355057833333334 0.7120947253258845 0.7383185533333333 0.7351173370577282 0.7308178816666666 0.7361637253258846 0.5611158733333333 0.6922114376163873 0.5686164716666667 0.6629099394785848 0.5648662083333333 0.6414569897579143 0.5601783066666667 0.637794312849162 0.717691745
1 0.5493663845437616 0.7673835266666666 0.5723890754189944 0.7776968949999999 0.5975047020484171 0.77863446 0.6252364590316574 0.7758217633333334 0.6351781033519553 0.7617580583333333 0.6372710391061452 0.6070573183333333 0.6236667970204841 0.61924582 0.5927954776536313 0.62393372 0.567156656424581 0.6173706866666667 0.5471541154562384 0.6093768966666667 0.5493663845437616 0.7673835266666666
1 0.4389623919925512 0.7983236316666666 0.46146180912476725 0.8095746366666666 0.4865773566108007 0.8114497683333334 0.5101232420856611 0.8086370716666668 0.5232042895716946 0.800198835 0.5268670465549348 0.6295591883333334 0.49285632309124766 0.645498095 0.4630314711359404 0.6408101933333333 0.4411773454376164 0.6234286316666667 0.4389623919925512 0.7983236316666666
1 0.3630923165735568 0.8358268416666667 0.39396355679702044 0.8433275116666666 0.4258813445065177 0.842389945 0.43843911824953447 0.83113894 0.4405321331471136 0.6764382 0.41593970018621973 0.6914395416666667 0.38506846089385477 0.6905019033333334 0.362676033519553 0.6749516583333334 0.3630923165735568 0.8358268416666667
1 0.27414119459962755 0.879893155 0.31024485381750466 0.8808307216666666 0.32751185195530724 0.86864215 0.33117452979515827 0.7411312516666666 0.3003032895716946 0.759882855 0.269431969273743 0.7486319216666666 0.27414119459962755 0.879893155
1 0.2014105232774674 0.9070829966666668 0.22234019925512105 0.9089581283333333 0.24222340689013036 0.90614536 0.2479790996275605 0.8939568583333333 0.2479790996275605 0.7833223616666667 0.23542124674115456 0.797386065 0.22129373091247673 0.7992612683333333 0.20174834636871508 0.7920494483333334 0.2014105232774674 0.9070829966666668
1 0.12187777094972067 0.9248969633333334 0.13338907635009312 0.9342727666666667 0.1532722849162011 0.9333352 0.17001600931098695 0.9239593983333333 0.17053928305400373 0.8067618683333333 0.14228425232774675 0.8217631366666667 0.12063032402234639 0.810785095 0.12187777094972067 0.9248969633333334