0 0.08489137334137516 0.2586423086876155 0.08880848190591073 0.3776132402957486 0.05825508323281062 0.41967368022181145 0.030051854041013272 0.4677427541589649 0.023784456574185767 0.5434515831792976 0.042586648974668274 1 0.080190794933655 0.9989060794824399 0.08097426477683957 0.9760732513863215 0.09899298733413751 0.9520387134935305 0.12562927744270205 0.949635296672828 0.14443146984318456 0.9520387134935305 0.15304903679131485 0.9760732513863215 0.15539932629674308 0.9953008622920518 0.17263457961399278 0.9940991534195933 0.17185122979493367 0.4965842171903882 0.18516937454764779 0.4473134343807763 0.20318809770808205 0.4352961663585952 0.17106775995174908 0.39083230868761554 0.16871747104945717 0.35478050369685765 0.1569661453558504 0.036322841035120144 0.08880848190591073 0.036322841035120144 0.0864581924004825 0.11082991497227357 0.08489137334137516 0.2586423086876155
0 0.23844207418576596 0.2105732347504621 0.23530831544028952 0.38242016635859516 0.2219901706875754 0.41366504621072087 0.18908648311218335 0.4449100175600739 0.1742013986731001 0.48817216635859517 0.17263457961399278 0.5566705600739371 0.17185122979493367 0.9965025711645101 0.3183510633293124 0.9940991534195933 0.3136504855247286 0.5734947541589649 0.32383499095295537 0.5086014861367838 0.36065578709288304 0.4593307033271719 0.33480284740651384 0.41606855452865066 0.31756759348612784 0.39203401756007394 0.31443395476477687 0.031515914972273566 0.24470935162846805 0.030314206099815156 0.23530831544028952 0.07718157208872459 0.23844207418576596 0.2105732347504621
0 0.38885901628468034 0.3211321146025878 0.3904258353437877 0.40885821164510167 0.36849000422195416 0.44971685120147875 0.32461846079613993 0.49898772643253236 0.31443395476477687 0.5626791940850278 0.3160007744270205 0.7357278798521256 0.31913441314837154 0.9977043706099816 0.5525941031363087 1 0.557294681544029 0.6335810970425139 0.5541609227985524 0.5566705600739371 0.5298749215922798 0.48216353142329016 0.48678672858866107 0.4413048003696858 0.47738569179734625 0.4004460683918669 0.474251933655006 0.1841352347504621 0.47268511399276236 0.01469176617375231 0.3921775952955368 0.012607395563770794 0.38885901628468034 0.3211321146025878
0 0.9537061085645355 0.40765641127541585 0.9529226393244873 0.44851514325323477 0.9168851930036187 0.5098031940850277 0.8980831200241255 0.5626791940850278 0.8996500591073582 1 0.9983610018094089 0.9965025711645101 0.9974867261761159 0.1596936506469501 0.9505724698431846 0.16250416081330868 0.9537061085645355 0.40765641127541585
0 0.8369763232810615 0.39684094362292055 0.8166073112183353 0.4605324112754159 0.7891875518697226 0.5254256802218115 0.7876206127864898 0.938819736598891 0.7993719384800966 0.9400214454713494 0.8079896248492159 0.9772749593345655 0.8252249975874548 0.9965025711645101 0.9004332895054282 0.9989060794824399 0.8972996507840773 0.5626791940850278 0.9333370965018094 0.47855831423290207 0.8949494813027745 0.4052529944547135 0.8965161809408926 0.12885581792975973 0.8407723884197829 0.1266742874306839 0.8369763232810615 0.39684094362292055
0 0.6544389240048251 0.10842645194085028 0.6466047068757539 0.3764115314232902 0.6066502720144753 0.44370821719038817 0.5839309710494572 0.5158118290203327 0.570612826296743 0.8739264685767097 0.6191849475271411 0.8943557883548983 0.6191849475271411 0.9616525656192237 0.7304308051869722 0.9544421312384473 0.7531501061519904 0.5206187541589649 0.7445324191797347 0.4749531885397412 0.7202464185765983 0.41606855452865066 0.7108452623642944 0.3752098234750462 0.7212777056694812 0.11166548613678373 0.6544389240048251 0.10842645194085028
0 0.5377091387213511 0.10121610905730129 0.48992036731001204 0.1036195258780037 0.48835354764776845 0.3559822116451017 0.4758187527141134 0.39443743438077633 0.48678672858866107 0.4304892402957486 0.532225211097708 0.48937387430683915 0.5525941031363087 0.5398463659889094 0.5549443920386007 0.831866028650647 0.562778609167672 0.8414798798521257 0.5698293570566948 0.8703212513863217 0.5815806821471653 0.5446532911275416 0.5980325856453559 0.4773566062846581 0.5518107533172497 0.38242016635859516 0.544759886610374 0.3523769944547135 0.5528097919179734 0.10266020517560075 0.5377091387213511 0.10121610905730129
0 0.7719521791314837 0.39323572643253235 0.73983196079614 0.4593307033271719 0.7547169252110978 0.5025928512014788 0.7343479137515079 0.9568456395563771 0.7500163474065139 0.9400214454713494 0.7876206127864898 0.9412231534195934 0.790754252110977 0.517013628465804 0.8361928540410133 0.4028495776340111 0.8244415283474066 0.3776132402957486 0.8244415283474066 0.16490762384473198 0.7722098655006032 0.1656971719038817 0.7719521791314837 0.39323572643253235
0 0.9059173371531967 0.3896305083179298 0.8988665898673099 0.41246333733826246 0.9325536272617612 0.4773566062846581 0.9529226393244873 0.45452377726432536 0.947438591676719 0.17572313770794823 0.9074842762364295 0.17452142883548985 0.9059173371531967 0.3896305083179298
1 0.7884040826296743 0.9231972513863216 0.8299253365500603 0.9412231534195934 0.8338424451145959 0.6191604112754159 0.789840228588661 0.6069559371534196 0.7884040826296743 0.9231972513863216
1 0.9027836984318456 0.9953008622920518 0.946655361278649 1 0.9450884221954161 0.7393330970425138 0.897581335946924 0.7150193086876155 0.9027836984318456 0.9953008622920518
1 0.5236075241254523 1 0.5518107533172497 0.9989060794824399 0.5557278618817852 0.6804484630314233 0.5273437117008444 0.6910052264325324 0.5236075241254523 1
1 0.5745299348612787 0.877531685767098 0.6207517671893847 0.8919523706099814 0.6199684173703256 0.960450765249538 0.6442544179734621 0.9628542735674678 0.6654068998793726 0.5903189482439926 0.6137010199034982 0.5819068059149722 0.5861115886610374 0.5589277726432532 0.5745299348612787 0.877531685767098
1 0.31756759348612784 0.9965025711645101 0.4820861501809409 0.9977043706099816 0.48521990892641736 0.6984743659889094 0.41236166706875754 0.6960708567467653 0.35203822014475267 0.6936674399260628 0.3120836658624849 0.6624225600739372 0.31756759348612784 0.9965025711645101
1 0.040236360072376354 0.9412231534195934 0.047287107961399275 0.9520387134935305 0.080190794933655 0.960450765249538 0.0692229390832328 0.6107482689463956 0.049637396863691195 0.6107482689463956 0.029775688178528346 0.5919471358595194 0.040236360072376354 0.9412231534195934
1 0.14521482026538 0.9472317883548983 0.17263457961399278 0.9436266626617376 0.17028429071170084 0.591520657116451 0.14143465440289507 0.5949488964879852 0.14521482026538 0.9472317883548983
1 0.28779754523522316 1 0.292498123039807 0.6407914399260628 0.2517602189384801 0.6383880231053605 0.20553826718938478 0.6347828059149723 0.1727775217129071 0.6189629787430684 0.17185122979493367 0.9784766682070241 0.19300359167671893 1 0.28779754523522316 1