0 0.00965250990990991 0.1832217265625 0.001287000900900901 0.3059895833333333 0.001287000900900901 1 0.16151866126126127 0.9988839283854167 0.15250965225225227 0.5961681549479166 0.13513513513513514 0.4622395833333333 0.11325611351351351 0.36272321484375003 0.0933075936936937 0.2353050598958333 0.08558558558558559 0.17857142838541665 0.07850707837837838 0.0018601184895833333 0.005148005405405406 0 0.009009009009009009 0.1171875 0.00965250990990991 0.1832217265625
0 0.26705276666666666 0.19066220182291668 0.26061776036036033 0.25390625 0.24839124864864867 0.3441220234375 0.23680823693693695 0.4268973216145833 0.23552123513513512 0.6119791666666666 0.35649935675675676 0.6147693450520834 0.3571428567567567 0.55059523828125 0.3487773486486486 0.4659598216145833 0.33590733603603606 0.39899553515624997 0.32432432432432434 0.3376116067708333 0.3166023162162162 0.28087797656249996 0.3024453027027027 0.18973214322916665 0.3024453027027027 0.11997767838541668 0.30308880270270266 0.03441220182291667 0.30308880270270266 0.016741071614583335 0.26962676936936936 0.017671131510416667 0.26705276666666666 0.19066220182291668
0 0.37580437567567565 0.13485863151041666 0.3751608747747748 0.20182291666666666 0.3571428567567567 0.32087053515625 0.34298584324324327 0.41015625 0.354568854954955 0.4975818450520833 0.35649935675675676 0.6147693450520834 0.36743886756756755 0.6119791666666666 0.36872586846846844 0.4854910716145833 0.37580437567567565 0.41387648828125 0.390604890990991 0.31343005989583334 0.40154440180180184 0.23065476171875 0.40862290900900905 0.15904017838541668 0.4079794081081081 0.12276785677083334 0.40669240630630626 0.06324404817708333 0.4073359072072072 0.029761904947916668 0.37773487747747747 0.025111606770833333 0.37580437567567565 0.13485863151041666
0 0.4118404117117117 0.10881696484374999 0.4028314027027027 0.22507440494791667 0.37580437567567565 0.40922619010416666 0.3680823684684685 0.49200148828125 0.36615186576576575 0.8082217265625 0.3680823684684685 0.8370535716145833 0.46460746486486487 0.8621651783854167 0.4781209783783784 0.8612351184895833 0.49292149279279285 0.8361235117187501 0.49678249639639643 0.5096726184895833 0.49420849459459454 0.4473586315104167 0.4658944657657658 0.22042410677083335 0.4613899612612613 0.07440476171875 0.46332046306306307 0.04836309505208333 0.46332046306306307 0.02418154817708333 0.46332046306306307 0.0074404765625 0.417631918018018 0.005580356770833333 0.4118404117117117 0.10881696484374999
0 0.6338481342342343 0.13113839322916668 0.6306306306306306 0.21205357161458335 0.6222651225225225 0.2836681549479167 0.5990990990990991 0.4194568450520833 0.5920205918918919 0.47247023828125 0.590733590990991 0.5394345234375 0.5894465891891891 0.7152157734375 0.5971685972972972 0.7235863098958334 0.6203346207207207 0.7040550598958334 0.6537966540540541 0.6938244049479166 0.6956241954954956 0.6845238098958334 0.7136422135135135 0.6817336315104167 0.7142857144144144 0.4715401783854167 0.7110682108108108 0.39899553515624997 0.6994851990990991 0.34691220182291665 0.6898326900900901 0.2706473216145833 0.6853281855855856 0.2027529765625 0.6833976837837837 0.09765625 0.6814671810810811 0.010230654947916666 0.682110681981982 0 0.6377091378378378 0.0009300598958333333 0.6383526387387387 0.059523809895833335 0.6338481342342343 0.13113839322916668
0 0.7200772198198198 0.18229166666666666 0.7007722009009009 0.34784226171875 0.7007722009009009 0.3608630950520833 0.7136422135135135 0.4129464283854167 0.7142857144144144 0.62127976171875 0.7908622909909909 0.62872023828125 0.7870012873873874 0.40178571484375003 0.7850707846846847 0.3766741067708333 0.7734877738738738 0.30133928515625 0.7599742603603603 0.18694196484375 0.7561132558558559 0.10230654817708333 0.7593307594594594 0.07626488151041667 0.7593307594594594 0.0511532734375 0.7245817243243243 0.052083333333333336 0.7200772198198198 0.18229166666666666
0 0.8005148009009009 0.07533482161458334 0.7972972972972973 0.15997023828124998 0.7760617756756757 0.30877976171875 0.7889317891891892 0.3962053567708333 0.7889317891891892 0.47712053515624997 0.7927927927927928 0.6259300598958334 0.8307593306306307 0.62872023828125 0.8352638351351351 0.5226934518229166 0.8429858432432432 0.4352678567708333 0.8545688549549549 0.3497023815104167 0.8468468468468469 0.27529761848958334 0.835907336036036 0.1878720234375 0.8384813387387388 0.05301339322916667 0.8397683396396397 0.02790178515625 0.835907336036036 0.02325148828125 0.8063063063063063 0.02325148828125 0.8005148009009009 0.07533482161458334
0 0.872586872972973 0 0.8706563702702703 0.05022321484375 0.872586872972973 0.18601190494791667 0.8648648648648649 0.28831845182291665 0.8481338477477478 0.3878348216145833 0.8384813387387388 0.47247023828125 0.8307593306306307 0.5877976184895833 0.8339768342342343 1 1 0.9979538684895833 0.9987129990990992 0.5887276783854166 0.9710424711711712 0.3571428567708333 0.954954954954955 0.25762648828125 0.9485199486486486 0.19066220182291668 0.9446589450450451 0.08370535677083334 0.9440154441441441 0.017671131510416667 0.9472329468468468 0 0.8770913774774775 0 0.872586872972973 0
1 0.001287000900900901 0.9998139882812499 0.16216216216216217 1 0.15572715585585586 0.7728794648437499 0.14736164774774774 0.7821800598958334 0.0971685972972973 0.7979910716145833 0.039253539639639644 0.8017113098958334 0.001287000900900901 0.7998511901041666 0.001287000900900901 0.9998139882812499
1 0.23552123513513512 0.6119791666666666 0.33526383513513514 0.6119791666666666 0.32947232972972973 0.51153273828125 0.3307593306306306 0.4436383932291667 0.3166023162162162 0.4464285716145833 0.2889317891891892 0.4473586315104167 0.25997426036036037 0.44549851171875 0.23745173783783785 0.4361979166666667 0.23552123513513512 0.6119791666666666
1 0.3590733594594595 0.59430803515625 0.3680823684684685 0.5961681549479166 0.36743886756756755 0.5254836315104167 0.36615186576576575 0.52362351171875 0.35778635765765765 0.5217633932291666 0.3590733594594595 0.59430803515625
1 0.36743886756756755 0.8147321432291666 0.3944658945945946 0.8258928567708334 0.42342342342342343 0.8324032734375 0.44916344954954956 0.8324032734375 0.4755469756756756 0.8286830351562501 0.49356499369369367 0.8165922617187501 0.49356499369369367 0.6110491067708334 0.4736164738738739 0.6147693450520834 0.4523809522522522 0.6222098216145834 0.4163449162162162 0.6175595234375 0.39124839099099096 0.61662946484375 0.36872586846846844 0.6026785716145834 0.36743886756756755 0.8147321432291666
1 0.591377090990991 0.5989583333333334 0.590733590990991 0.6101190481770834 0.5900900900900901 0.6966145833333334 0.5978120981981981 0.7189360117187501 0.6132561135135135 0.7068452382812499 0.6422136423423424 0.6966145833333334 0.6782496783783784 0.6891741067708334 0.7142857144144144 0.6817336315104167 0.7110682108108108 0.6063988098958334 0.7001287 0.5868675598958334 0.6801801801801802 0.5738467265625 0.6608751612612612 0.5719866067708334 0.6351351351351351 0.5691964283854166 0.6132561135135135 0.57477678515625 0.591377090990991 0.5989583333333334
1 0.7149292153153153 0.6203497018229166 0.7902187900900901 0.62872023828125 0.7870012873873874 0.49200148828125 0.7657657657657657 0.4957217265625 0.7419562423423424 0.49665178515624997 0.7175032171171172 0.48921130989583334 0.7149292153153153 0.6203497018229166
1 0.7927927927927928 0.6240699401041666 0.8301158297297297 0.6315104166666666 0.8294723297297297 0.5673363098958334 0.8352638351351351 0.5031622018229166 0.8384813387387388 0.4464285716145833 0.8140283144144144 0.4473586315104167 0.7889317891891892 0.4315476184895833 0.7927927927927928 0.6240699401041666
1 0.835907336036036 0.9988839283854167 1 0.9988839283854167 0.9993564990990992 0.7533482148437499 0.9948519945945947 0.7552083333333334 0.9613899612612613 0.7691592265625 0.9221364225225225 0.7691592265625 0.8848133846846847 0.7682291666666666 0.853925354054054 0.7607886901041666 0.835907336036036 0.7468377981770833 0.835907336036036 0.9988839283854167