0 0.8364257055427251 0.338423296875 0.8031439064665127 0.39435766145833334 0.7887217598152425 0.4486223385416667 0.8036986374133949 0.9061152916666667 0.9418180692840648 0.9495270694444444 0.9523572713625866 0.912794046875 0.9457010127020785 0.4412508854166666 0.9329428891454965 0.39783910590277777 0.914637966512702 0.3594364253472222 0.891895370669746 0.330216984375 0.8857936732101617 0.17326685069444445 0.8880125958429561 0.15072613368055554 0.8869031339491917 0.12317638020833334 0.8580588406466512 0.1173324861111111 0.8308787390300231 0.12324743055555556 0.8364257055427251 0.338423296875
0 0.893004831408776 0.3283341631944444 0.9318335969976905 0.38844271875 0.9445915519630486 0.44604677083333333 0.9529120023094688 0.8976958298611112 0.9501385184757506 0.9294198194444445 0.9662246870669746 0.9260804427083333 0.9778733510392609 0.9052094131944445 0.978982811778291 0.4477875086805556 0.9750998683602771 0.4160635190972222 0.957349676674365 0.3853164878472222 0.9362711027713626 0.3644454913194444 0.9301694053117783 0.33689570659722223 0.9229584168591224 0.16992747395833332 0.8863484041570439 0.1690215954861111 0.893004831408776 0.3283341631944444
0 0.688876362586605 0.17903968055555555 0.6916498452655888 0.21243334375 0.6922045762124711 0.2625238125 0.6955327898383372 0.3618698923611111 0.6594775080831409 0.4119603628472222 0.6528211651270207 0.45286759375 0.671680901847575 0.8448876961805555 0.6805559133949192 0.8690981024305555 0.7887217598152425 0.901656888888889 0.8014798845265589 0.901656888888889 0.7892764896073903 0.4787476875 0.7903859515011548 0.43951014756944445 0.7865030069284066 0.41279522395833335 0.7748543429561201 0.39609839930555557 0.7443460277136259 0.36938347569444446 0.7387990612009238 0.27003736458333333 0.739353792147806 0.17236095833333331 0.7121736893764434 0.1690215954861111 0.6937809399538106 0.17349918229166666 0.688876362586605 0.17903968055555555
0 0.7704168383371824 0.24415730034722222 0.7715262990762125 0.3652092708333333 0.7665338937644341 0.3869151284722222 0.7848389849884527 0.4102907065972222 0.7892764896073903 0.4353359409722222 0.8031439064665127 0.39275902256944445 0.8164565923787529 0.36604409895833334 0.8114643556581985 0.2600192951388889 0.8075815808314087 0.20491976041666668 0.7686793244803695 0.2068644097222222 0.7704168383371824 0.24415730034722222
0 0.5868122124711316 0.38927757812499997 0.5690619364896073 0.43018477604166666 0.5557492517321015 0.4735965243055556 0.5668431847575057 0.8224890763888889 0.5768276558891455 0.8400207274305556 0.670571441108545 0.8700750607638889 0.6533758106235565 0.45210378125000006 0.6561492944572748 0.4203798559027778 0.6378442875288683 0.3986739982638889 0.6311879445727482 0.2659342083333333 0.6306332990762125 0.21333922048611112 0.610109454965358 0.209999875 0.5911424122401847 0.2110350625 0.5868122124711316 0.38927757812499997
0 0.5091546812933025 0.4036830329861111 0.4847480635103926 0.449599296875 0.4764276131639723 0.47547935937499997 0.4864121697459584 0.8166452135416667 0.5657337228637414 0.8408556197916667 0.5551945207852194 0.4786766076388889 0.5624055935334873 0.4520327638888889 0.5701713129330254 0.42448298090277775 0.5574132736720554 0.4119603628472222 0.5546397898383372 0.39192419444444443 0.5540851443418014 0.24081792361111112 0.5106959988452656 0.24440028993055554 0.5091546812933025 0.4036830329861111
0 0.45091153348729796 0.4151576423611111 0.4253955381062356 0.44771646006944443 0.4176297344110855 0.48361462326388893 0.42206732448036954 0.6681145086805556 0.42650491454965356 0.795845232638889 0.48585743995381064 0.8183859201388889 0.47476350692840646 0.48444945312500004 0.4825292251732102 0.4527965434027778 0.5008342321016166 0.42107258506944445 0.48918565357967664 0.39769703993055555 0.48918565357967664 0.26746179861111113 0.4482806778290993 0.26942421006944445 0.45091153348729796 0.4151576423611111
0 0.16912561893764433 0.4351938420138889 0.15914114665127022 0.4585693888888889 0.15026596651270208 0.48611914062499995 0.15525820207852192 0.7130538472222222 0.17966490531177828 0.7280809809027777 0.1780007990762125 0.4744313524305556 0.1946416986143187 0.4368635 0.18576651847575057 0.33501288715277777 0.1657974896073903 0.3358477309027778 0.16912561893764433 0.4351938420138889
0 0.19131348498845266 0.44604677083333333 0.17855552886836026 0.47025714583333333 0.17689142263279445 0.4927978645833333 0.1802195519630485 0.72404890625 0.2029621478060046 0.7323973177083334 0.20518090069284065 0.6146846944444444 0.20961849076212472 0.5453928506944444 0.22847822748267899 0.48111010763888884 0.23125171131639724 0.4427073940972222 0.22459528290993072 0.42851508854166664 0.22126715473441108 0.3149767013888889 0.2007433949191686 0.31330701388888893 0.1986193949191686 0.32781335763888886 0.19630580484988452 0.42016667534722224 0.19131348498845266 0.44604677083333333
0 0.2301422494226328 0.46016802777777777 0.22126715473441108 0.5069191215277777 0.20739973787528868 0.5645231736111112 0.20351687875288685 0.7305144496527778 0.23901743071593531 0.7430370659722222 0.2367986778290993 0.5153385815972222 0.24012680600461894 0.4827797638888889 0.2606505658198614 0.4443770833333333 0.24993865935334872 0.35492260416666666 0.23125171131639724 0.35664771180555555 0.2301422494226328 0.46016802777777777
0 0.26176002655889147 0.4451408628472222 0.2429002898383372 0.47936936979166667 0.23568921593533487 0.5302946666666667 0.24068153695150118 0.6638692534722223 0.23901743071593531 0.7381701302083333 0.28006494803695153 0.7531972968749999 0.27507271247113163 0.4969720694444445 0.282283786374134 0.4744313524305556 0.2933777193995381 0.4502209774305556 0.28838539838337185 0.4243408819444444 0.2861666454965358 0.3834336840277778 0.2833931616628175 0.34503098784722225 0.2596477090069284 0.346581296875 0.26176002655889147 0.4451408628472222
0 0.300588792147806 0.4318544652777778 0.28838539838337185 0.461908734375 0.27784619515011544 0.4927978645833333 0.2795103025404157 0.6839765034722222 0.28117440993071596 0.7507637968750001 0.3183390681293302 0.7649560711805555 0.3161202309468822 0.4961372413194445 0.3200031755196305 0.4694223177083333 0.3322064838337182 0.4435422552083333 0.32665951732101617 0.43352415451388887 0.32665951732101617 0.40346985243055555 0.3244406801385681 0.33167352604166667 0.299870915704388 0.33406933680555556 0.300588792147806 0.4318544652777778
0 0.3416363106235566 0.42768025868055554 0.3249954110854504 0.4585693888888889 0.31667496073903006 0.48611914062499995 0.31889371362586605 0.7413673784722222 0.3244406801385681 0.7622384079861111 0.35883193995381063 0.7772655729166666 0.3571678337182448 0.5871349097222223 0.3638241766743649 0.5487322291666668 0.38101980600461893 0.48869470833333334 0.3860120427251732 0.45112685416666665 0.374918109699769 0.42858613715277777 0.370480519630485 0.3818350451388889 0.372699356812933 0.3058645104166666 0.3387071154734411 0.3048747638888889 0.3416363106235566 0.42768025868055554
0 0.38767614896073904 0.41773320833333333 0.383238558891455 0.47352547395833333 0.36604292956120094 0.5411475954861111 0.35883193995381063 0.583724515625 0.35994131639722865 0.7749031545138889 0.42373143187066975 0.8007832187499999 0.41652035796766745 0.5144327048611111 0.41652035796766745 0.47769968055555556 0.42650491454965356 0.44604677083333333 0.42206732448036954 0.2957753454861111 0.3872523648960739 0.2986187829861111 0.38767614896073904 0.41773320833333333
0 0.12142175750577366 0.84920403125 0.10478085796766744 0.8876067118055555 0.10367148152424943 0.9986405503472222 0.145828376443418 0.9986405503472222 0.1452737297921478 0.873414375 0.13695328060046189 0.8458646545138889 0.13307033602771362 0.7815818454861111 0.12094699653579677 0.7761585954861111 0.12142175750577366 0.84920403125
1 0.10478085796766744 0.9277500989583333 0.10589023441108544 0.994537392361111 0.14194551616628176 0.993702564236111 0.1386173025404157 0.9202365798611112 0.10568991801385681 0.9179608090277777 0.10478085796766744 0.9277500989583333
0 0.17966490531177828 1 0.1791101755196305 0.972760486111111 0.1868759792147806 0.9435410451388889 0.2007433949191686 0.9184958107638889 0.19186821478060045 0.8700750607638889 0.18909473210161662 0.8066270815972223 0.17365326674364895 0.801182515625 0.1724538325635104 0.8851021631944445 0.160805168591224 0.9118171197916668 0.14915659006928408 0.9477152517361112 0.1513753429561201 1 0.17966490531177828 1
0 0.09479630138568129 0.09333525868055555 0.09368692494226327 0.13424245833333334 0.07926477829099307 0.17348003125 0.073717811778291 0.21021299131944446 0.07427254157043879 0.3087242743055556 0.09257754849884527 0.3003758628472222 0.09424157043879908 0.21772657465277778 0.09812451501154734 0.1776542361111111 0.11365595381062356 0.1041881875 0.10985093879907622 0.03169696701388889 0.09479630138568129 0.03740089409722222 0.09479630138568129 0.09333525868055555
0 0.11698416743648961 0.08916105381944445 0.10533550346420323 0.14843479513888888 0.0953510311778291 0.19184651041666667 0.09257754849884527 0.2987062048611111 0.14693775288683603 0.26698221527777777 0.15359418013856813 0.18099355034722223 0.156367662817552 0.13424245833333334 0.14250024711316397 0.08999588194444445 0.1386173025404157 0.04741899479166667 0.13417979676674366 0.002337559027777778 0.11817298152424942 0.006673046875000001 0.11698416743648961 0.08916105381944445
0 0.17920129561200923 0 0.1802195519630485 0.04741899479166667 0.17023507967667434 0.08916105381944445 0.15525820207852192 0.14426059027777777 0.14860185912240184 0.2603034618055556 0.18077428175519633 0.24277180902777776 0.1802195519630485 0.17681934375 0.18465714203233255 0.11253660069444445 0.2007433949191686 0.05242802951388889 0.1946416986143187 0 0.18465714203233255 0 0.17920129561200923 0
1 0.7964876478060046 0.6731945920138889 0.8386444584295613 0.6857172100694444 0.897442337182448 0.6857172100694444 0.9473650357967668 0.6840475538194445 0.9451462829099306 0.4452829600694444 0.7908714387990763 0.4508476319444445 0.7964876478060046 0.6731945920138889
1 0.6622509907621247 0.6631765243055556 0.6827748348729792 0.6748643125 0.739353792147806 0.6756991423611111 0.7720808602771363 0.6723597638888889 0.7709715681293303 0.4628146440972222 0.6927593071593534 0.4678236788194444 0.6544851870669746 0.4678236788194444 0.6622509907621247 0.6631765243055556
1 0.5607414872979215 0.6631765243055556 0.614547045034642 0.6665159010416667 0.6572586709006929 0.6640113524305555 0.6544851870669746 0.4770069496527778 0.6117735623556582 0.47951146701388886 0.5585227344110855 0.48118115625 0.5607414872979215 0.6631765243055556
1 0.9501385184757506 0.6623416961805556 0.9750998683602771 0.6581674895833333 0.9728811154734411 0.4519617152777778 0.9476032436489608 0.44876230555555563 0.9501385184757506 0.6623416961805556
1 0.4819745796766744 0.7282941614583334 0.508045306004619 0.7358076805555556 0.5357801374133949 0.7366425729166667 0.5307879018475751 0.48702501909722223 0.47740782794457276 0.48838351215277775 0.4819745796766744 0.7282941614583334
1 0.42206732448036954 0.6423054947916667 0.453130370669746 0.6431403229166667 0.47975574249422637 0.6431403229166667 0.4769822586605081 0.48785987847222223 0.4431458140877598 0.4928689131944444 0.41776652078521936 0.4862981857638889 0.42206732448036954 0.6423054947916667
1 0.3593865866050808 0.7583484305555556 0.3915590092378753 0.7641922934027777 0.41652035796766745 0.7633574635416667 0.4148562517321016 0.623939015625 0.3771368625866051 0.6281132204861111 0.35812521478060044 0.61975909375 0.3593865866050808 0.7583484305555556
1 0.20629036143187068 0.7032489253472222 0.21793894110854503 0.7090927881944444 0.2367986778290993 0.7065882395833333 0.23790805427251732 0.6164254322916667 0.22015777829099306 0.6080770190972222 0.20684500808314088 0.6122512256944445 0.20629036143187068 0.7032489253472222
1 0.15414882563510393 0.6498190781250001 0.1780007990762125 0.6539932847222222 0.1780007990762125 0.5095657361111111 0.1500741454965358 0.5071514513888888 0.15414882563510393 0.6498190781250001
1 0.18188365819861432 0.6581674895833333 0.20407152424942265 0.6598371475694444 0.2085091143187067 0.551307795138889 0.2218218002309469 0.5087309079861111 0.18077428175519633 0.5095657361111111 0.18188365819861432 0.6581674895833333
1 0.24068153695150118 0.6364616319444445 0.27729146535796767 0.6314525347222222 0.2789555715935335 0.5379503489583333 0.25399422286374135 0.5321064548611111 0.23606858775981523 0.5300900451388889 0.24068153695150118 0.6364616319444445
1 0.2784009260969977 0.6389661180555556 0.2989246847575058 0.6414706666666666 0.3183390681293302 0.6406358385416666 0.31722969168591225 0.5396200052083333 0.29836995496535795 0.5329412829861111 0.2789555715935335 0.5329412829861111 0.2784009260969977 0.6389661180555556
1 0.31778433718244803 0.6281132204861111 0.3555037263279445 0.6289480486111111 0.3593865866050808 0.5755182013888889 0.3643789064665127 0.5429593836805555 0.3799103452655889 0.49871280729166667 0.3433004168591224 0.5003824965277778 0.31501085450346417 0.5037218420138889 0.31778433718244803 0.6281132204861111
1 0.074827188221709 0.28625463715277777 0.09257754849884527 0.27957588194444444 0.09479630138568129 0.21779762326388888 0.07205370438799076 0.2219718298611111 0.074827188221709 0.28625463715277777
1 0.09867916050808315 0.19442210937499999 0.09257754849884527 0.2662184375 0.12926903926096997 0.26108290277777774 0.13029685334872979 0.197761421875 0.09867916050808315 0.19442210937499999
1 0.17966490531177828 1 0.18243838914549654 0.9603089184027778 0.16413338221709006 0.9603089184027778 0.15146115242494226 0.9492407100694444 0.1530394491916859 1 0.17966490531177828 1
1 0.15026596651270208 0.25856275520833333 0.1713444561200924 0.2468749652777778 0.17504027367205544 0.15473124131944446 0.156367662817552 0.16673022569444443 0.15026596651270208 0.25856275520833333